3418,35
3390,3
3390,2
3390,1
3390,0
2,2
3389,3
3389,2
2,1
3389,1
3389,0
3388,3
2,3
3388,2
3388,1
3388,0
3387,4
3387,3
3387,2
3387,1
3387,0
3386,3
3386,2
3386,1
3386,0
3385,3
3385,2
3385,1
3385,0
3384,3
3384,2
3384,1
3384,0
3383,5
3383,4
3383,3
3383,2
3383,1
3383,0
3382,6
3382,5
3382,4
3382,3
3382,2
3382,1
3382,0
3381,5
3381,4
3381,3
3381,2
3381,1
3381,0
3380,4
3380,3
3380,2
3380,1
3380,0
3378,4
3378,3
3378,2
3378,1
3378,0
3377,4
3377,3
3377,2
3377,1
3377,0
3376,5
3376,4
3376,3
3376,2
3376,1
3376,0
3375,5
3375,4
3375,3
3375,2
3375,1
3375,0
3373,5
3373,4
3373,3
3373,2
3373,1
3373,0
3371,4
3371,3
3371,2
3371,1
3371,0
3370,4
3370,3
3370,2
3370,1
3370,0
3369,4
3369,3
3369,2
3369,1
3369,0
3368,4
3368,3
3368,2
3368,1
3368,0
3367,4
3367,3
3367,2
3367,1
3367,0
3366,4
3366,3
3366,2
3366,1
3366,0
3365,4
3365,3
3365,2
3365,1
3365,0
3364,4
3364,3
3364,2
3364,1
3364,0
3363,4
3363,3
3363,2
3363,1
3363,0
3362,5
3362,4
3362,3
3362,2
3362,1
3362,0
3361,6
3361,5
3361,4
3361,3
3361,2
3361,1
3361,0
3360,5
3360,4
3360,3
3360,2
3360,1
3360,0
3359,4
3359,3
3359,2
3359,1
3359,0
3358,4
3358,3
3358,2
3358,1
3358,0
0,0
3408,1
3408,3
3406,3
3406,1
